                     |               Arquivo Ordenado                |       |                Arquivo Reverso                |       |               Arquivo Randômico               |
----------------------------------------------------------------------------------------------------------------------------------------------------------------------------------------------
Método               CompProg   CompEqua   MovProg    MovEqua    Tempo       CompProg   CompEqua   MovProg    MovEqua    Tempo       CompProg   CompEqua   MovProg    MovEqua    Tempo     
----------------------------------------------------------------------------------------------------------------------------------------------------------------------------------------------
Insercao Direta      2047       1023       1023       3069       2           1049599    262399     524799     525822     1851        528197     262399     264098     264445     798       
----------------------------------------------------------------------------------------------------------------------------------------------------------------------------------------------
Insercao Binaria     0          6585       1023       3069       33          8724       6585       524799     264445     8113        8955       6585       265714     525822     630       
----------------------------------------------------------------------------------------------------------------------------------------------------------------------------------------------
Selecao Direta       524800     523776     1024       3069       335         524800     523776     1024       265213     1731        524800     523776     1024       7688       1269      
----------------------------------------------------------------------------------------------------------------------------------------------------------------------------------------------
Bubble Sort          0          1023       0          0          1           522753     523776     522753     1571328    8827        262645     523776     262645     785664     1576      
----------------------------------------------------------------------------------------------------------------------------------------------------------------------------------------------
Shake Sort           1022       1023       0          0          2           261632     523776     261632     1571328    2594        197370     523776     130790     785664     2390      
----------------------------------------------------------------------------------------------------------------------------------------------------------------------------------------------
Shell Sort           24644      0          8204       0          24          33520      0          12642      0          37          38706      0          15235      0          45        
----------------------------------------------------------------------------------------------------------------------------------------------------------------------------------------------
Heap Sort            524288     0          1013       0          671         524288     0          0          0          717         524288     0          754        0          956       
----------------------------------------------------------------------------------------------------------------------------------------------------------------------------------------------
Comb Sort            38381      0          0          0          24          40429      0          3284       0          31          44525      0          8614       0          42        
----------------------------------------------------------------------------------------------------------------------------------------------------------------------------------------------
Quick SEM Pivo       524799     0          1023       0          334         525311     0          1535       0          3196        15157      0          4473       0          27        
----------------------------------------------------------------------------------------------------------------------------------------------------------------------------------------------
Quick COM Pivo       524800     0          1024       0          2682        524800     0          263168     0          1548        11244      0          6223       0          1173      
----------------------------------------------------------------------------------------------------------------------------------------------------------------------------------------------
Count Sort           6145       0          5120       0          18          6145       0          5120       0          17          6143       0          5118       0          18        
----------------------------------------------------------------------------------------------------------------------------------------------------------------------------------------------
Radix Sort           23657      0          17503      0          59          26582      0          20428      0          75          25012      0          18858      0          65        
----------------------------------------------------------------------------------------------------------------------------------------------------------------------------------------------
Bucket Sort          7198       0          2048       0          7           7198       0          2048       0          319         7198       0          2048       0          162       
----------------------------------------------------------------------------------------------------------------------------------------------------------------------------------------------
Gnome Sort           3070       0          0          0          1           3144703    0          1047552    0          3177        1581515    0          526150     0          51203     
----------------------------------------------------------------------------------------------------------------------------------------------------------------------------------------------
Merge 1              21507      0          9216       0          49          21507      0          9216       0          48          21249      0          9216       0          48
----------------------------------------------------------------------------------------------------------------------------------------------------------------------------------------------
Merge 2              32762      0          20480      0          51          32762      0          20480      0          51          36587      0          20480      0          53        
----------------------------------------------------------------------------------------------------------------------------------------------------------------------------------------------
Tim Sort             1984       0          960        0          27          17344      0          8640       0          53          9562       0          4749       0          42        
----------------------------------------------------------------------------------------------------------------------------------------------------------------------------------------------
